
Element["" "" "" "" 5000 10000 0 0 0 100 ""]
(
	Pin[0 80000 6000 3000 6600 3800 "" "9" "edge2"]
	Pin[0 70000 6000 3000 6600 3800 "" "8" "edge2"]
	Pin[0 60000 6000 3000 6600 3800 "" "7" "edge2"]
	Pin[0 50000 6000 3000 6600 3800 "" "6" "edge2"]
	Pin[0 40000 6000 3000 6600 3800 "" "5" "edge2"]
	Pin[0 30000 6000 3000 6600 3800 "" "4" "edge2"]
	Pin[0 20000 6000 3000 6600 3800 "" "3" "edge2"]
	Pin[0 10000 6000 3000 6600 3800 "" "2" "edge2"]
	Pin[0 0 6000 3000 6600 3800 "" "1" "edge2"]
	ElementLine [-5000 87500 -5000 85000 1000]
	ElementLine [-2500 90000 -5000 87500 1000]
	ElementLine [117500 90000 -2500 90000 1000]
	ElementLine [120000 87500 117500 90000 1000]
	ElementLine [120000 -7500 120000 87500 1000]
	ElementLine [117500 -10000 120000 -7500 1000]
	ElementLine [-2500 -10000 117500 -10000 1000]
	ElementLine [-5000 -7500 -2500 -10000 1000]
	ElementLine [-5000 -5000 -5000 -7500 1000]
	ElementLine [5000 5000 5000 -5000 1000]
	ElementLine [-5000 5000 5000 5000 1000]
	ElementLine [5000 -5000 -5000 -5000 1000]
	ElementLine [5000 85000 5000 -5000 1000]
	ElementLine [-5000 85000 5000 85000 1000]
	ElementLine [-5000 -5000 -5000 85000 1000]
	ElementLine [22500 7500 90000 7500 1000]
	ElementLine [90000 7500 90000 72500 1000]
	ElementLine [90000 72500 22500 72500 1000]
	ElementLine [22500 72500 22500 7500 1000]

	)
