
Element["" "" "" "" 25000 37500 0 0 0 100 ""]
(
	Pin[0 20000 6000 3000 6600 3800 "" "3" "edge2"]
	Pin[0 10000 6000 3000 6600 3800 "" "2" "edge2"]
	Pin[0 0 6000 3000 6600 3800 "" "1" "edge2"]
	ElementLine [15000 27500 5000 17500 1000]
	ElementLine [30000 27500 15000 27500 1000]
	ElementLine [40000 17500 30000 27500 1000]
	ElementLine [40000 2500 40000 17500 1000]
	ElementLine [30000 -7500 40000 2500 1000]
	ElementLine [15000 -7500 30000 -7500 1000]
	ElementLine [5000 2500 15000 -7500 1000]
	ElementLine [5000 5000 5000 -5000 1000]
	ElementLine [-5000 5000 5000 5000 1000]
	ElementLine [5000 -5000 -5000 -5000 1000]
	ElementLine [5000 25000 5000 -5000 1000]
	ElementLine [-5000 25000 5000 25000 1000]
	ElementLine [-5000 -5000 -5000 25000 1000]

	)
