# release: pcb 20110918

# To read pcb files, the pcb version (or the git source date) must be >= the file version
FileVersion[20070407]

PCB["" 300000 300000]

Grid[0.0 0 0 1]
Cursor[300000 131731 0.000000]
PolyArea[3100.006200]
Thermal[0.500000]
DRC[1000 1000 1000 1000 1200 1000]
Flags("nameonpcb,clearnew,snappin")
Groups("1,c:2,s:3")
Styles["Signal,1500,3600,2000,1500:Power,2500,6000,3500,1000:Fat,5000,6000,3500,2500:Skinny,600,2402,1181,600"]

Symbol[' ' 1800]
(
)
Symbol['!' 1200]
(
	SymbolLine[0 4500 0 5000 800]
	SymbolLine[0 1000 0 3500 800]
)
Symbol['"' 1200]
(
	SymbolLine[0 1000 0 2000 800]
	SymbolLine[1000 1000 1000 2000 800]
)
Symbol['#' 1200]
(
	SymbolLine[0 3500 2000 3500 800]
	SymbolLine[0 2500 2000 2500 800]
	SymbolLine[1500 2000 1500 4000 800]
	SymbolLine[500 2000 500 4000 800]
)
Symbol['$' 1200]
(
	SymbolLine[1500 1500 2000 2000 800]
	SymbolLine[500 1500 1500 1500 800]
	SymbolLine[0 2000 500 1500 800]
	SymbolLine[0 2000 0 2500 800]
	SymbolLine[0 2500 500 3000 800]
	SymbolLine[500 3000 1500 3000 800]
	SymbolLine[1500 3000 2000 3500 800]
	SymbolLine[2000 3500 2000 4000 800]
	SymbolLine[1500 4500 2000 4000 800]
	SymbolLine[500 4500 1500 4500 800]
	SymbolLine[0 4000 500 4500 800]
	SymbolLine[1000 1000 1000 5000 800]
)
Symbol['%' 1200]
(
	SymbolLine[0 1500 0 2000 800]
	SymbolLine[0 1500 500 1000 800]
	SymbolLine[500 1000 1000 1000 800]
	SymbolLine[1000 1000 1500 1500 800]
	SymbolLine[1500 1500 1500 2000 800]
	SymbolLine[1000 2500 1500 2000 800]
	SymbolLine[500 2500 1000 2500 800]
	SymbolLine[0 2000 500 2500 800]
	SymbolLine[0 5000 4000 1000 800]
	SymbolLine[3500 5000 4000 4500 800]
	SymbolLine[4000 4000 4000 4500 800]
	SymbolLine[3500 3500 4000 4000 800]
	SymbolLine[3000 3500 3500 3500 800]
	SymbolLine[2500 4000 3000 3500 800]
	SymbolLine[2500 4000 2500 4500 800]
	SymbolLine[2500 4500 3000 5000 800]
	SymbolLine[3000 5000 3500 5000 800]
)
Symbol['&' 1200]
(
	SymbolLine[0 4500 500 5000 800]
	SymbolLine[0 1500 0 2500 800]
	SymbolLine[0 1500 500 1000 800]
	SymbolLine[0 3500 1500 2000 800]
	SymbolLine[500 5000 1000 5000 800]
	SymbolLine[1000 5000 2000 4000 800]
	SymbolLine[0 2500 2500 5000 800]
	SymbolLine[500 1000 1000 1000 800]
	SymbolLine[1000 1000 1500 1500 800]
	SymbolLine[1500 1500 1500 2000 800]
	SymbolLine[0 3500 0 4500 800]
)
Symbol[''' 1200]
(
	SymbolLine[0 2000 1000 1000 800]
)
Symbol['(' 1200]
(
	SymbolLine[0 4500 500 5000 800]
	SymbolLine[0 1500 500 1000 800]
	SymbolLine[0 1500 0 4500 800]
)
Symbol[')' 1200]
(
	SymbolLine[0 1000 500 1500 800]
	SymbolLine[500 1500 500 4500 800]
	SymbolLine[0 5000 500 4500 800]
)
Symbol['*' 1200]
(
	SymbolLine[0 2000 2000 4000 800]
	SymbolLine[0 4000 2000 2000 800]
	SymbolLine[0 3000 2000 3000 800]
	SymbolLine[1000 2000 1000 4000 800]
)
Symbol['+' 1200]
(
	SymbolLine[0 3000 2000 3000 800]
	SymbolLine[1000 2000 1000 4000 800]
)
Symbol[',' 1200]
(
	SymbolLine[0 6000 1000 5000 800]
)
Symbol['-' 1200]
(
	SymbolLine[0 3000 2000 3000 800]
)
Symbol['.' 1200]
(
	SymbolLine[0 5000 500 5000 800]
)
Symbol['/' 1200]
(
	SymbolLine[0 4500 3000 1500 800]
)
Symbol['0' 1200]
(
	SymbolLine[0 4500 500 5000 800]
	SymbolLine[0 1500 0 4500 800]
	SymbolLine[0 1500 500 1000 800]
	SymbolLine[500 1000 1500 1000 800]
	SymbolLine[1500 1000 2000 1500 800]
	SymbolLine[2000 1500 2000 4500 800]
	SymbolLine[1500 5000 2000 4500 800]
	SymbolLine[500 5000 1500 5000 800]
	SymbolLine[0 4000 2000 2000 800]
)
Symbol['1' 1200]
(
	SymbolLine[0 1800 800 1000 800]
	SymbolLine[800 1000 800 5000 800]
	SymbolLine[0 5000 1500 5000 800]
)
Symbol['2' 1200]
(
	SymbolLine[0 1500 500 1000 800]
	SymbolLine[500 1000 2000 1000 800]
	SymbolLine[2000 1000 2500 1500 800]
	SymbolLine[2500 1500 2500 2500 800]
	SymbolLine[0 5000 2500 2500 800]
	SymbolLine[0 5000 2500 5000 800]
)
Symbol['3' 1200]
(
	SymbolLine[0 1500 500 1000 800]
	SymbolLine[500 1000 1500 1000 800]
	SymbolLine[1500 1000 2000 1500 800]
	SymbolLine[1500 5000 2000 4500 800]
	SymbolLine[500 5000 1500 5000 800]
	SymbolLine[0 4500 500 5000 800]
	SymbolLine[500 2800 1500 2800 800]
	SymbolLine[2000 1500 2000 2300 800]
	SymbolLine[2000 3300 2000 4500 800]
	SymbolLine[2000 3300 1500 2800 800]
	SymbolLine[2000 2300 1500 2800 800]
)
Symbol['4' 1200]
(
	SymbolLine[0 3500 2000 1000 800]
	SymbolLine[0 3500 2500 3500 800]
	SymbolLine[2000 1000 2000 5000 800]
)
Symbol['5' 1200]
(
	SymbolLine[0 1000 2000 1000 800]
	SymbolLine[0 1000 0 3000 800]
	SymbolLine[0 3000 500 2500 800]
	SymbolLine[500 2500 1500 2500 800]
	SymbolLine[1500 2500 2000 3000 800]
	SymbolLine[2000 3000 2000 4500 800]
	SymbolLine[1500 5000 2000 4500 800]
	SymbolLine[500 5000 1500 5000 800]
	SymbolLine[0 4500 500 5000 800]
)
Symbol['6' 1200]
(
	SymbolLine[1500 1000 2000 1500 800]
	SymbolLine[500 1000 1500 1000 800]
	SymbolLine[0 1500 500 1000 800]
	SymbolLine[0 1500 0 4500 800]
	SymbolLine[0 4500 500 5000 800]
	SymbolLine[1500 2800 2000 3300 800]
	SymbolLine[0 2800 1500 2800 800]
	SymbolLine[500 5000 1500 5000 800]
	SymbolLine[1500 5000 2000 4500 800]
	SymbolLine[2000 3300 2000 4500 800]
)
Symbol['7' 1200]
(
	SymbolLine[500 5000 2500 1000 800]
	SymbolLine[0 1000 2500 1000 800]
)
Symbol['8' 1200]
(
	SymbolLine[0 4500 500 5000 800]
	SymbolLine[0 3700 0 4500 800]
	SymbolLine[0 3700 700 3000 800]
	SymbolLine[700 3000 1300 3000 800]
	SymbolLine[1300 3000 2000 3700 800]
	SymbolLine[2000 3700 2000 4500 800]
	SymbolLine[1500 5000 2000 4500 800]
	SymbolLine[500 5000 1500 5000 800]
	SymbolLine[0 2300 700 3000 800]
	SymbolLine[0 1500 0 2300 800]
	SymbolLine[0 1500 500 1000 800]
	SymbolLine[500 1000 1500 1000 800]
	SymbolLine[1500 1000 2000 1500 800]
	SymbolLine[2000 1500 2000 2300 800]
	SymbolLine[1300 3000 2000 2300 800]
)
Symbol['9' 1200]
(
	SymbolLine[500 5000 2000 3000 800]
	SymbolLine[2000 1500 2000 3000 800]
	SymbolLine[1500 1000 2000 1500 800]
	SymbolLine[500 1000 1500 1000 800]
	SymbolLine[0 1500 500 1000 800]
	SymbolLine[0 1500 0 2500 800]
	SymbolLine[0 2500 500 3000 800]
	SymbolLine[500 3000 2000 3000 800]
)
Symbol[':' 1200]
(
	SymbolLine[0 2500 500 2500 800]
	SymbolLine[0 3500 500 3500 800]
)
Symbol[';' 1200]
(
	SymbolLine[0 5000 1000 4000 800]
	SymbolLine[1000 2500 1000 3000 800]
)
Symbol['<' 1200]
(
	SymbolLine[0 3000 1000 2000 800]
	SymbolLine[0 3000 1000 4000 800]
)
Symbol['=' 1200]
(
	SymbolLine[0 2500 2000 2500 800]
	SymbolLine[0 3500 2000 3500 800]
)
Symbol['>' 1200]
(
	SymbolLine[0 2000 1000 3000 800]
	SymbolLine[0 4000 1000 3000 800]
)
Symbol['?' 1200]
(
	SymbolLine[1000 3000 1000 3500 800]
	SymbolLine[1000 4500 1000 5000 800]
	SymbolLine[0 1500 0 2000 800]
	SymbolLine[0 1500 500 1000 800]
	SymbolLine[500 1000 1500 1000 800]
	SymbolLine[1500 1000 2000 1500 800]
	SymbolLine[2000 1500 2000 2000 800]
	SymbolLine[1000 3000 2000 2000 800]
)
Symbol['@' 1200]
(
	SymbolLine[0 1000 0 4000 800]
	SymbolLine[0 4000 1000 5000 800]
	SymbolLine[1000 5000 4000 5000 800]
	SymbolLine[5000 3500 5000 1000 800]
	SymbolLine[5000 1000 4000 0 800]
	SymbolLine[4000 0 1000 0 800]
	SymbolLine[1000 0 0 1000 800]
	SymbolLine[1500 2000 1500 3000 800]
	SymbolLine[1500 3000 2000 3500 800]
	SymbolLine[2000 3500 3000 3500 800]
	SymbolLine[3000 3500 3500 3000 800]
	SymbolLine[3500 3000 4000 3500 800]
	SymbolLine[3500 3000 3500 1500 800]
	SymbolLine[3500 2000 3000 1500 800]
	SymbolLine[2000 1500 3000 1500 800]
	SymbolLine[2000 1500 1500 2000 800]
	SymbolLine[4000 3500 5000 3500 800]
)
Symbol['A' 1200]
(
	SymbolLine[0 2000 0 5000 800]
	SymbolLine[0 2000 700 1000 800]
	SymbolLine[700 1000 1800 1000 800]
	SymbolLine[1800 1000 2500 2000 800]
	SymbolLine[2500 2000 2500 5000 800]
	SymbolLine[0 3000 2500 3000 800]
)
Symbol['B' 1200]
(
	SymbolLine[0 5000 2000 5000 800]
	SymbolLine[2000 5000 2500 4500 800]
	SymbolLine[2500 3300 2500 4500 800]
	SymbolLine[2000 2800 2500 3300 800]
	SymbolLine[500 2800 2000 2800 800]
	SymbolLine[500 1000 500 5000 800]
	SymbolLine[0 1000 2000 1000 800]
	SymbolLine[2000 1000 2500 1500 800]
	SymbolLine[2500 1500 2500 2300 800]
	SymbolLine[2000 2800 2500 2300 800]
)
Symbol['C' 1200]
(
	SymbolLine[700 5000 2000 5000 800]
	SymbolLine[0 4300 700 5000 800]
	SymbolLine[0 1700 0 4300 800]
	SymbolLine[0 1700 700 1000 800]
	SymbolLine[700 1000 2000 1000 800]
)
Symbol['D' 1200]
(
	SymbolLine[500 1000 500 5000 800]
	SymbolLine[1800 1000 2500 1700 800]
	SymbolLine[2500 1700 2500 4300 800]
	SymbolLine[1800 5000 2500 4300 800]
	SymbolLine[0 5000 1800 5000 800]
	SymbolLine[0 1000 1800 1000 800]
)
Symbol['E' 1200]
(
	SymbolLine[0 2800 1500 2800 800]
	SymbolLine[0 5000 2000 5000 800]
	SymbolLine[0 1000 0 5000 800]
	SymbolLine[0 1000 2000 1000 800]
)
Symbol['F' 1200]
(
	SymbolLine[0 1000 0 5000 800]
	SymbolLine[0 1000 2000 1000 800]
	SymbolLine[0 2800 1500 2800 800]
)
Symbol['G' 1200]
(
	SymbolLine[2000 1000 2500 1500 800]
	SymbolLine[500 1000 2000 1000 800]
	SymbolLine[0 1500 500 1000 800]
	SymbolLine[0 1500 0 4500 800]
	SymbolLine[0 4500 500 5000 800]
	SymbolLine[500 5000 2000 5000 800]
	SymbolLine[2000 5000 2500 4500 800]
	SymbolLine[2500 3500 2500 4500 800]
	SymbolLine[2000 3000 2500 3500 800]
	SymbolLine[1000 3000 2000 3000 800]
)
Symbol['H' 1200]
(
	SymbolLine[0 1000 0 5000 800]
	SymbolLine[2500 1000 2500 5000 800]
	SymbolLine[0 3000 2500 3000 800]
)
Symbol['I' 1200]
(
	SymbolLine[0 1000 1000 1000 800]
	SymbolLine[500 1000 500 5000 800]
	SymbolLine[0 5000 1000 5000 800]
)
Symbol['J' 1200]
(
	SymbolLine[700 1000 1500 1000 800]
	SymbolLine[1500 1000 1500 4500 800]
	SymbolLine[1000 5000 1500 4500 800]
	SymbolLine[500 5000 1000 5000 800]
	SymbolLine[0 4500 500 5000 800]
	SymbolLine[0 4500 0 4000 800]
)
Symbol['K' 1200]
(
	SymbolLine[0 1000 0 5000 800]
	SymbolLine[0 3000 2000 1000 800]
	SymbolLine[0 3000 2000 5000 800]
)
Symbol['L' 1200]
(
	SymbolLine[0 1000 0 5000 800]
	SymbolLine[0 5000 2000 5000 800]
)
Symbol['M' 1200]
(
	SymbolLine[0 1000 0 5000 800]
	SymbolLine[0 1000 1500 3000 800]
	SymbolLine[1500 3000 3000 1000 800]
	SymbolLine[3000 1000 3000 5000 800]
)
Symbol['N' 1200]
(
	SymbolLine[0 1000 0 5000 800]
	SymbolLine[0 1000 2500 5000 800]
	SymbolLine[2500 1000 2500 5000 800]
)
Symbol['O' 1200]
(
	SymbolLine[0 1500 0 4500 800]
	SymbolLine[0 1500 500 1000 800]
	SymbolLine[500 1000 1500 1000 800]
	SymbolLine[1500 1000 2000 1500 800]
	SymbolLine[2000 1500 2000 4500 800]
	SymbolLine[1500 5000 2000 4500 800]
	SymbolLine[500 5000 1500 5000 800]
	SymbolLine[0 4500 500 5000 800]
)
Symbol['P' 1200]
(
	SymbolLine[500 1000 500 5000 800]
	SymbolLine[0 1000 2000 1000 800]
	SymbolLine[2000 1000 2500 1500 800]
	SymbolLine[2500 1500 2500 2500 800]
	SymbolLine[2000 3000 2500 2500 800]
	SymbolLine[500 3000 2000 3000 800]
)
Symbol['Q' 1200]
(
	SymbolLine[0 1500 0 4500 800]
	SymbolLine[0 1500 500 1000 800]
	SymbolLine[500 1000 1500 1000 800]
	SymbolLine[1500 1000 2000 1500 800]
	SymbolLine[2000 1500 2000 4000 800]
	SymbolLine[1000 5000 2000 4000 800]
	SymbolLine[500 5000 1000 5000 800]
	SymbolLine[0 4500 500 5000 800]
	SymbolLine[1000 3500 2000 5000 800]
)
Symbol['R' 1200]
(
	SymbolLine[0 1000 2000 1000 800]
	SymbolLine[2000 1000 2500 1500 800]
	SymbolLine[2500 1500 2500 2500 800]
	SymbolLine[2000 3000 2500 2500 800]
	SymbolLine[500 3000 2000 3000 800]
	SymbolLine[500 1000 500 5000 800]
	SymbolLine[1300 3000 2500 5000 800]
)
Symbol['S' 1200]
(
	SymbolLine[2000 1000 2500 1500 800]
	SymbolLine[500 1000 2000 1000 800]
	SymbolLine[0 1500 500 1000 800]
	SymbolLine[0 1500 0 2500 800]
	SymbolLine[0 2500 500 3000 800]
	SymbolLine[500 3000 2000 3000 800]
	SymbolLine[2000 3000 2500 3500 800]
	SymbolLine[2500 3500 2500 4500 800]
	SymbolLine[2000 5000 2500 4500 800]
	SymbolLine[500 5000 2000 5000 800]
	SymbolLine[0 4500 500 5000 800]
)
Symbol['T' 1200]
(
	SymbolLine[0 1000 2000 1000 800]
	SymbolLine[1000 1000 1000 5000 800]
)
Symbol['U' 1200]
(
	SymbolLine[0 1000 0 4500 800]
	SymbolLine[0 4500 500 5000 800]
	SymbolLine[500 5000 1500 5000 800]
	SymbolLine[1500 5000 2000 4500 800]
	SymbolLine[2000 1000 2000 4500 800]
)
Symbol['V' 1200]
(
	SymbolLine[0 1000 1000 5000 800]
	SymbolLine[1000 5000 2000 1000 800]
)
Symbol['W' 1200]
(
	SymbolLine[0 1000 0 3000 800]
	SymbolLine[0 3000 500 5000 800]
	SymbolLine[500 5000 1500 3000 800]
	SymbolLine[1500 3000 2500 5000 800]
	SymbolLine[2500 5000 3000 3000 800]
	SymbolLine[3000 3000 3000 1000 800]
)
Symbol['X' 1200]
(
	SymbolLine[0 5000 2500 1000 800]
	SymbolLine[0 1000 2500 5000 800]
)
Symbol['Y' 1200]
(
	SymbolLine[0 1000 1000 3000 800]
	SymbolLine[1000 3000 2000 1000 800]
	SymbolLine[1000 3000 1000 5000 800]
)
Symbol['Z' 1200]
(
	SymbolLine[0 1000 2500 1000 800]
	SymbolLine[0 5000 2500 1000 800]
	SymbolLine[0 5000 2500 5000 800]
)
Symbol['[' 1200]
(
	SymbolLine[0 1000 500 1000 800]
	SymbolLine[0 1000 0 5000 800]
	SymbolLine[0 5000 500 5000 800]
)
Symbol['\' 1200]
(
	SymbolLine[0 1500 3000 4500 800]
)
Symbol[']' 1200]
(
	SymbolLine[0 1000 500 1000 800]
	SymbolLine[500 1000 500 5000 800]
	SymbolLine[0 5000 500 5000 800]
)
Symbol['^' 1200]
(
	SymbolLine[0 1500 500 1000 800]
	SymbolLine[500 1000 1000 1500 800]
)
Symbol['_' 1200]
(
	SymbolLine[0 5000 2000 5000 800]
)
Symbol['a' 1200]
(
	SymbolLine[1500 3000 2000 3500 800]
	SymbolLine[500 3000 1500 3000 800]
	SymbolLine[0 3500 500 3000 800]
	SymbolLine[0 3500 0 4500 800]
	SymbolLine[0 4500 500 5000 800]
	SymbolLine[2000 3000 2000 4500 800]
	SymbolLine[2000 4500 2500 5000 800]
	SymbolLine[500 5000 1500 5000 800]
	SymbolLine[1500 5000 2000 4500 800]
)
Symbol['b' 1200]
(
	SymbolLine[0 1000 0 5000 800]
	SymbolLine[0 4500 500 5000 800]
	SymbolLine[500 5000 1500 5000 800]
	SymbolLine[1500 5000 2000 4500 800]
	SymbolLine[2000 3500 2000 4500 800]
	SymbolLine[1500 3000 2000 3500 800]
	SymbolLine[500 3000 1500 3000 800]
	SymbolLine[0 3500 500 3000 800]
)
Symbol['c' 1200]
(
	SymbolLine[500 3000 2000 3000 800]
	SymbolLine[0 3500 500 3000 800]
	SymbolLine[0 3500 0 4500 800]
	SymbolLine[0 4500 500 5000 800]
	SymbolLine[500 5000 2000 5000 800]
)
Symbol['d' 1200]
(
	SymbolLine[2000 1000 2000 5000 800]
	SymbolLine[1500 5000 2000 4500 800]
	SymbolLine[500 5000 1500 5000 800]
	SymbolLine[0 4500 500 5000 800]
	SymbolLine[0 3500 0 4500 800]
	SymbolLine[0 3500 500 3000 800]
	SymbolLine[500 3000 1500 3000 800]
	SymbolLine[1500 3000 2000 3500 800]
)
Symbol['e' 1200]
(
	SymbolLine[500 5000 2000 5000 800]
	SymbolLine[0 4500 500 5000 800]
	SymbolLine[0 3500 0 4500 800]
	SymbolLine[0 3500 500 3000 800]
	SymbolLine[500 3000 1500 3000 800]
	SymbolLine[1500 3000 2000 3500 800]
	SymbolLine[0 4000 2000 4000 800]
	SymbolLine[2000 4000 2000 3500 800]
)
Symbol['f' 1000]
(
	SymbolLine[500 1500 500 5000 800]
	SymbolLine[500 1500 1000 1000 800]
	SymbolLine[1000 1000 1500 1000 800]
	SymbolLine[0 3000 1000 3000 800]
)
Symbol['g' 1200]
(
	SymbolLine[1500 3000 2000 3500 800]
	SymbolLine[500 3000 1500 3000 800]
	SymbolLine[0 3500 500 3000 800]
	SymbolLine[0 3500 0 4500 800]
	SymbolLine[0 4500 500 5000 800]
	SymbolLine[500 5000 1500 5000 800]
	SymbolLine[1500 5000 2000 4500 800]
	SymbolLine[0 6000 500 6500 800]
	SymbolLine[500 6500 1500 6500 800]
	SymbolLine[1500 6500 2000 6000 800]
	SymbolLine[2000 3000 2000 6000 800]
)
Symbol['h' 1200]
(
	SymbolLine[0 1000 0 5000 800]
	SymbolLine[0 3500 500 3000 800]
	SymbolLine[500 3000 1500 3000 800]
	SymbolLine[1500 3000 2000 3500 800]
	SymbolLine[2000 3500 2000 5000 800]
)
Symbol['i' 1000]
(
	SymbolLine[0 2000 0 2100 1000]
	SymbolLine[0 3500 0 5000 800]
)
Symbol['j' 1000]
(
	SymbolLine[500 2000 500 2100 1000]
	SymbolLine[500 3500 500 6000 800]
	SymbolLine[0 6500 500 6000 800]
)
Symbol['k' 1200]
(
	SymbolLine[0 1000 0 5000 800]
	SymbolLine[0 3500 1500 5000 800]
	SymbolLine[0 3500 1000 2500 800]
)
Symbol['l' 1000]
(
	SymbolLine[0 1000 0 4500 800]
	SymbolLine[0 4500 500 5000 800]
)
Symbol['m' 1200]
(
	SymbolLine[500 3500 500 5000 800]
	SymbolLine[500 3500 1000 3000 800]
	SymbolLine[1000 3000 1500 3000 800]
	SymbolLine[1500 3000 2000 3500 800]
	SymbolLine[2000 3500 2000 5000 800]
	SymbolLine[2000 3500 2500 3000 800]
	SymbolLine[2500 3000 3000 3000 800]
	SymbolLine[3000 3000 3500 3500 800]
	SymbolLine[3500 3500 3500 5000 800]
	SymbolLine[0 3000 500 3500 800]
)
Symbol['n' 1200]
(
	SymbolLine[500 3500 500 5000 800]
	SymbolLine[500 3500 1000 3000 800]
	SymbolLine[1000 3000 1500 3000 800]
	SymbolLine[1500 3000 2000 3500 800]
	SymbolLine[2000 3500 2000 5000 800]
	SymbolLine[0 3000 500 3500 800]
)
Symbol['o' 1200]
(
	SymbolLine[0 3500 0 4500 800]
	SymbolLine[0 3500 500 3000 800]
	SymbolLine[500 3000 1500 3000 800]
	SymbolLine[1500 3000 2000 3500 800]
	SymbolLine[2000 3500 2000 4500 800]
	SymbolLine[1500 5000 2000 4500 800]
	SymbolLine[500 5000 1500 5000 800]
	SymbolLine[0 4500 500 5000 800]
)
Symbol['p' 1200]
(
	SymbolLine[500 3500 500 6500 800]
	SymbolLine[0 3000 500 3500 800]
	SymbolLine[500 3500 1000 3000 800]
	SymbolLine[1000 3000 2000 3000 800]
	SymbolLine[2000 3000 2500 3500 800]
	SymbolLine[2500 3500 2500 4500 800]
	SymbolLine[2000 5000 2500 4500 800]
	SymbolLine[1000 5000 2000 5000 800]
	SymbolLine[500 4500 1000 5000 800]
)
Symbol['q' 1200]
(
	SymbolLine[2000 3500 2000 6500 800]
	SymbolLine[1500 3000 2000 3500 800]
	SymbolLine[500 3000 1500 3000 800]
	SymbolLine[0 3500 500 3000 800]
	SymbolLine[0 3500 0 4500 800]
	SymbolLine[0 4500 500 5000 800]
	SymbolLine[500 5000 1500 5000 800]
	SymbolLine[1500 5000 2000 4500 800]
)
Symbol['r' 1200]
(
	SymbolLine[500 3500 500 5000 800]
	SymbolLine[500 3500 1000 3000 800]
	SymbolLine[1000 3000 2000 3000 800]
	SymbolLine[0 3000 500 3500 800]
)
Symbol['s' 1200]
(
	SymbolLine[500 5000 2000 5000 800]
	SymbolLine[2000 5000 2500 4500 800]
	SymbolLine[2000 4000 2500 4500 800]
	SymbolLine[500 4000 2000 4000 800]
	SymbolLine[0 3500 500 4000 800]
	SymbolLine[0 3500 500 3000 800]
	SymbolLine[500 3000 2000 3000 800]
	SymbolLine[2000 3000 2500 3500 800]
	SymbolLine[0 4500 500 5000 800]
)
Symbol['t' 1000]
(
	SymbolLine[500 1000 500 4500 800]
	SymbolLine[500 4500 1000 5000 800]
	SymbolLine[0 2500 1000 2500 800]
)
Symbol['u' 1200]
(
	SymbolLine[0 3000 0 4500 800]
	SymbolLine[0 4500 500 5000 800]
	SymbolLine[500 5000 1500 5000 800]
	SymbolLine[1500 5000 2000 4500 800]
	SymbolLine[2000 3000 2000 4500 800]
)
Symbol['v' 1200]
(
	SymbolLine[0 3000 1000 5000 800]
	SymbolLine[2000 3000 1000 5000 800]
)
Symbol['w' 1200]
(
	SymbolLine[0 3000 0 4500 800]
	SymbolLine[0 4500 500 5000 800]
	SymbolLine[500 5000 1000 5000 800]
	SymbolLine[1000 5000 1500 4500 800]
	SymbolLine[1500 3000 1500 4500 800]
	SymbolLine[1500 4500 2000 5000 800]
	SymbolLine[2000 5000 2500 5000 800]
	SymbolLine[2500 5000 3000 4500 800]
	SymbolLine[3000 3000 3000 4500 800]
)
Symbol['x' 1200]
(
	SymbolLine[0 3000 2000 5000 800]
	SymbolLine[0 5000 2000 3000 800]
)
Symbol['y' 1200]
(
	SymbolLine[0 3000 0 4500 800]
	SymbolLine[0 4500 500 5000 800]
	SymbolLine[2000 3000 2000 6000 800]
	SymbolLine[1500 6500 2000 6000 800]
	SymbolLine[500 6500 1500 6500 800]
	SymbolLine[0 6000 500 6500 800]
	SymbolLine[500 5000 1500 5000 800]
	SymbolLine[1500 5000 2000 4500 800]
)
Symbol['z' 1200]
(
	SymbolLine[0 3000 2000 3000 800]
	SymbolLine[0 5000 2000 3000 800]
	SymbolLine[0 5000 2000 5000 800]
)
Symbol['{' 1200]
(
	SymbolLine[500 1500 1000 1000 800]
	SymbolLine[500 1500 500 2500 800]
	SymbolLine[0 3000 500 2500 800]
	SymbolLine[0 3000 500 3500 800]
	SymbolLine[500 3500 500 4500 800]
	SymbolLine[500 4500 1000 5000 800]
)
Symbol['|' 1200]
(
	SymbolLine[0 1000 0 5000 800]
)
Symbol['}' 1200]
(
	SymbolLine[0 1000 500 1500 800]
	SymbolLine[500 1500 500 2500 800]
	SymbolLine[500 2500 1000 3000 800]
	SymbolLine[500 3500 1000 3000 800]
	SymbolLine[500 3500 500 4500 800]
	SymbolLine[0 5000 500 4500 800]
)
Symbol['~' 1200]
(
	SymbolLine[0 3500 500 3000 800]
	SymbolLine[500 3000 1000 3000 800]
	SymbolLine[1000 3000 1500 3500 800]
	SymbolLine[1500 3500 2000 3500 800]
	SymbolLine[2000 3500 2500 3000 800]
)
Attribute("PCB::grid::unit" "mil")
Via[12500 12500 18000 2000 0 14500 "" ""]
Via[287500 12500 18000 2000 0 14500 "" ""]
Via[12500 287500 18000 2000 0 14500 "" ""]
Via[287500 287500 17500 2000 0 14500 "" ""]
Via[291000 219000 6000 2000 0 3500 "" ""]
Via[219000 144000 6500 2000 0 3500 "" ""]
Via[219000 96000 6500 2000 0 3500 "" ""]
Via[205500 219000 6000 2000 0 3500 "" ""]

Element["" "Dual in-line package, wide (600 mil)" "IC2" "DIP40" 19000 159000 -13000 -8000 1 100 ""]
(
	Pin[0 0 6000 3000 6600 2800 "1" "1" "square,edge2"]
	Pin[10000 0 6000 3000 6600 2800 "2" "2" "edge2"]
	Pin[20000 0 6000 3000 6600 2800 "3" "3" "edge2"]
	Pin[30000 0 6000 3000 6600 2800 "4" "4" "edge2"]
	Pin[40000 0 6000 3000 6600 2800 "5" "5" "edge2"]
	Pin[50000 0 6000 3000 6600 2800 "6" "6" "edge2"]
	Pin[60000 0 6000 3000 6600 2800 "7" "7" "edge2"]
	Pin[70000 0 6000 3000 6600 2800 "8" "8" "edge2"]
	Pin[80000 0 6000 3000 6600 2800 "9" "9" "edge2"]
	Pin[90000 0 6000 3000 6600 2800 "10" "10" "edge2"]
	Pin[100000 0 6000 3000 6600 2800 "11" "11" "edge2,thermal(1X)"]
	Pin[110000 0 6000 3000 6600 2800 "12" "12" "edge2"]
	Pin[120000 0 6000 3000 6600 2800 "13" "13" "edge2"]
	Pin[130000 0 6000 3000 6600 2800 "14" "14" "edge2"]
	Pin[140000 0 6000 3000 6600 2800 "15" "15" "edge2"]
	Pin[150000 0 6000 3000 6600 2800 "16" "16" "edge2"]
	Pin[160000 0 6000 3000 6600 2800 "17" "17" "edge2"]
	Pin[170000 0 6000 3000 6600 2800 "18" "18" "edge2"]
	Pin[180000 0 6000 3000 6600 2800 "19" "19" "edge2"]
	Pin[190000 0 6000 3000 6600 2800 "20" "20" "edge2"]
	Pin[190000 -60000 6000 3000 6600 2800 "21" "21" "edge2"]
	Pin[180000 -60000 6000 3000 6600 2800 "22" "22" "edge2"]
	Pin[170000 -60000 6000 3000 6600 2800 "23" "23" "edge2"]
	Pin[160000 -60000 6000 3000 6600 2800 "24" "24" "edge2"]
	Pin[150000 -60000 6000 3000 6600 2800 "25" "25" "edge2"]
	Pin[140000 -60000 6000 3000 6600 2800 "26" "26" "edge2"]
	Pin[130000 -60000 6000 3000 6600 2800 "27" "27" "edge2"]
	Pin[120000 -60000 6000 3000 6600 2800 "28" "28" "edge2"]
	Pin[110000 -60000 6000 3000 6600 2800 "29" "29" "edge2"]
	Pin[100000 -60000 6000 3000 6600 2800 "30" "30" "edge2"]
	Pin[90000 -60000 6000 3000 6600 2800 "31" "31" "edge2,thermal(1X)"]
	Pin[80000 -60000 6000 3000 6600 2800 "32" "32" "edge2"]
	Pin[70000 -60000 6000 3000 6600 2800 "33" "33" "edge2"]
	Pin[60000 -60000 6000 3000 6600 2800 "34" "34" "edge2"]
	Pin[50000 -60000 6000 3000 6600 2800 "35" "35" "edge2"]
	Pin[40000 -60000 6000 3000 6600 2800 "36" "36" "edge2"]
	Pin[30000 -60000 6000 3000 6600 2800 "37" "37" "edge2"]
	Pin[20000 -60000 6000 3000 6600 2800 "38" "38" "edge2"]
	Pin[10000 -60000 6000 3000 6600 2800 "39" "39" "edge2"]
	Pin[0 -60000 6000 3000 6600 2800 "40" "40" "edge2"]
	ElementLine [-5000 5000 195000 5000 1000]
	ElementLine [195000 -65000 195000 5000 1000]
	ElementLine [-5000 -65000 195000 -65000 1000]
	ElementLine [-5000 -25000 -5000 5000 1000]
	ElementLine [-5000 -65000 -5000 -35000 1000]
	ElementArc [-5000 -30000 5000 5000 90 180 1000]

	)

Element["" "Axial non-polar component (typically resistor or capacitor)," "R2" "ACY300" 230000 53000 17000 -10500 0 100 ""]
(
	Pin[0 0 5500 3000 6100 3000 "1" "1" "square,edge2"]
	Pin[30000 0 6000 3000 6600 3000 "2" "2" "edge2"]
	ElementLine [0 0 7500 0 1000]
	ElementLine [22500 0 30000 0 1000]
	ElementLine [7500 -2500 22500 -2500 1000]
	ElementLine [22500 -2500 22500 2500 1000]
	ElementLine [7500 2500 22500 2500 1000]
	ElementLine [7500 -2500 7500 2500 1000]

	)

Element["" "" "VR1" "" 230500 155500 -11000 4500 1 100 ""]
(
	Pin[20000 0 6500 3000 7100 3800 "" "3" "thermal(1X)"]
	Pin[10000 0 6500 3000 7100 3800 "" "2" ""]
	Pin[0 0 6500 3000 7100 3800 "" "1" ""]
	ElementLine [27500 -15000 17500 -5000 1000]
	ElementLine [27500 -30000 27500 -15000 1000]
	ElementLine [17500 -40000 27500 -30000 1000]
	ElementLine [2500 -40000 17500 -40000 1000]
	ElementLine [-7500 -30000 2500 -40000 1000]
	ElementLine [-7500 -30000 -7500 -15000 1000]
	ElementLine [2500 -5000 -7500 -15000 1000]
	ElementLine [-5000 -5000 5000 -5000 1000]
	ElementLine [5000 -5000 5000 5000 1000]
	ElementLine [-5000 -5000 -5000 5000 1000]
	ElementLine [-5000 -5000 25000 -5000 1000]
	ElementLine [25000 -5000 25000 5000 1000]
	ElementLine [-5000 5000 25000 5000 1000]

	)

Element["" "Axial non-polar component (typically resistor or capacitor)," "F2" "ACY300" 183500 46500 -10500 -12000 1 100 ""]
(
	Pin[0 0 7000 3000 7600 4000 "1" "1" "square"]
	Pin[0 -30000 7000 3000 7600 4000 "2" "2" ""]
	ElementLine [0 -7500 0 0 1000]
	ElementLine [0 -30000 0 -22500 1000]
	ElementLine [-2500 -22500 -2500 -7500 1000]
	ElementLine [-2500 -22500 2500 -22500 1000]
	ElementLine [2500 -22500 2500 -7500 1000]
	ElementLine [-2500 -7500 2500 -7500 1000]

	)

Element["" "capacitor_radial" "C3" "300" 189000 73500 22500 -15000 0 100 ""]
(
	Pin[0 0 6000 3000 6600 3000 "1" "1" "square"]
	Pin[15000 0 6000 3000 6600 3000 "2" "2" "thermal(1X)"]
	ElementArc [7500 0 15000 15000 0 360 1000]

	)

Element["" "Axial non-polar component (typically resistor or capacitor)," "F1" "ACY300" 17500 60000 12000 -10500 0 100 ""]
(
	Pin[0 0 7000 3000 7600 4000 "1" "1" "square,edge2"]
	Pin[30000 0 7000 3000 7600 4000 "2" "2" "edge2"]
	ElementLine [0 0 7500 0 1000]
	ElementLine [22500 0 30000 0 1000]
	ElementLine [7500 -2500 22500 -2500 1000]
	ElementLine [22500 -2500 22500 2500 1000]
	ElementLine [7500 2500 22500 2500 1000]
	ElementLine [7500 -2500 7500 2500 1000]

	)

Element["" "capacitor_radial" "C1" "300" 96000 35000 20000 -17500 0 100 ""]
(
	Pin[0 0 6000 3000 6600 3000 "1" "1" "square"]
	Pin[15000 0 6000 3000 6600 3000 "2" "2" "thermal(1X)"]
	ElementArc [7500 0 15000 15000 0 360 1000]

	)

Element["" "diode" "D2" "DIODE_LAY 300" 49000 81500 -15000 -9000 0 100 ""]
(
	Pin[0 0 8500 3000 9100 6000 "1" "1" "square,edge2"]
	Pin[-30000 0 9000 3000 9600 5000 "2" "2" "edge2"]
	ElementLine [-10000 0 0 0 1000]
	ElementLine [-30000 0 -20000 0 1000]
	ElementLine [-10000 0 -20000 5000 1000]
	ElementLine [-20000 -5000 -20000 5000 1000]
	ElementLine [-20000 -5000 -10000 0 1000]
	ElementLine [-10000 -5000 -10000 5000 1000]

	)

Element["" "Transistor" "IC1" "TO220" 148000 83000 -26500 -36000 1 100 ""]
(
	Pin[-10000 0 8000 3000 8600 6000 "1" "1" "square"]
	Pin[0 0 8500 3000 9100 6000 "2" "2" "thermal(1X)"]
	Pin[10000 0 9000 3000 9600 6000 "3" "3" ""]
	Pin[0 -67000 15000 3000 15600 13000 "4" "4" ""]
	ElementLine [-10000 0 -10000 -18000 3000]
	ElementLine [0 0 0 -18000 3000]
	ElementLine [10000 0 10000 -18000 3000]
	ElementLine [-20000 -18000 20000 -18000 2000]
	ElementLine [20000 -18000 20000 -55500 2000]
	ElementLine [20000 -55500 -20000 -55500 2000]
	ElementLine [-20000 -55500 -20000 -18000 2000]
	ElementLine [-20000 -55500 20000 -55500 2000]
	ElementLine [20000 -55500 20000 -68000 2000]
	ElementLine [20000 -68000 18500 -68000 2000]
	ElementLine [18500 -68000 18500 -75000 2000]
	ElementLine [18500 -75000 20000 -75000 2000]
	ElementLine [20000 -75000 20000 -79000 2000]
	ElementLine [20000 -79000 -20000 -79000 2000]
	ElementLine [-20000 -79000 -20000 -75000 2000]
	ElementLine [-20000 -75000 -18500 -75000 2000]
	ElementLine [-18500 -75000 -18500 -68000 2000]
	ElementLine [-18500 -68000 -20000 -68000 2000]
	ElementLine [-20000 -68000 -20000 -55500 2000]

	)

Element["" "diode" "D1" "DIODE_LAY 300" 67500 55000 11500 19500 3 100 ""]
(
	Pin[0 0 10500 3000 11100 7000 "1" "1" "square"]
	Pin[0 30000 11500 3000 12100 7000 "2" "2" "thermal(1X)"]
	ElementLine [0 0 0 10000 1000]
	ElementLine [0 20000 0 30000 1000]
	ElementLine [0 10000 5000 20000 1000]
	ElementLine [-5000 20000 5000 20000 1000]
	ElementLine [-5000 20000 0 10000 1000]
	ElementLine [-5000 10000 5000 10000 1000]

	)

Element["" "Axial non-polar component (typically resistor or capacitor)," "R1" "ACY300" 73500 179500 17000 -10500 0 100 ""]
(
	Pin[0 0 6500 3000 7100 3000 "1" "1" "square,edge2"]
	Pin[30000 0 7000 3000 7600 3000 "2" "2" "edge2"]
	ElementLine [0 0 7500 0 1000]
	ElementLine [22500 0 30000 0 1000]
	ElementLine [7500 -2500 22500 -2500 1000]
	ElementLine [22500 -2500 22500 2500 1000]
	ElementLine [7500 2500 22500 2500 1000]
	ElementLine [7500 -2500 7500 2500 1000]

	)

Element["" "Jumper, i.e. single row headers" "LCD1" "JUMPER16" 275000 192500 -11000 0 1 100 ""]
(
	Pin[0 0 6000 3000 6600 3800 "1" "1" "square,thermal(1X)"]
	Pin[0 -10000 6000 3000 6600 3800 "2" "2" ""]
	Pin[0 -20000 6000 3000 6600 3800 "3" "3" ""]
	Pin[0 -30000 6000 3000 6600 3800 "4" "4" ""]
	Pin[0 -40000 6000 3000 6600 3800 "5" "5" ""]
	Pin[0 -50000 6000 3000 6600 3800 "6" "6" ""]
	Pin[0 -60000 6000 3000 6600 3800 "7" "7" "thermal(1X)"]
	Pin[0 -70000 6000 3000 6600 3800 "8" "8" "thermal(1X)"]
	Pin[0 -80000 6000 3000 6600 3800 "9" "9" "thermal(1X)"]
	Pin[0 -90000 6000 3000 6600 3800 "10" "10" "thermal(1X)"]
	Pin[0 -100000 6000 3000 6600 3800 "11" "11" ""]
	Pin[0 -110000 6000 3000 6600 3800 "12" "12" ""]
	Pin[0 -120000 6000 3000 6600 3800 "13" "13" ""]
	Pin[0 -130000 6000 3000 6600 3800 "14" "14" ""]
	Pin[0 -140000 6000 3000 6600 3800 "15" "15" ""]
	Pin[0 -150000 6000 3000 6600 3800 "16" "16" "thermal(1X)"]
	ElementLine [5000 -155000 5000 5000 1000]
	ElementLine [-5000 -155000 5000 -155000 1000]
	ElementLine [-5000 -155000 -5000 5000 1000]
	ElementLine [-5000 5000 5000 5000 1000]
	ElementLine [-5000 -5000 5000 -5000 1000]
	ElementLine [-5000 -5000 -5000 5000 1000]

	)

Element["" "Jumper, i.e. single row headers" "IC3" "JUMPER9" 260000 285000 -5000 -13500 0 100 ""]
(
	Pin[0 0 6000 3000 6600 3800 "1" "1" "square,edge2"]
	Pin[-10000 0 6000 3000 6600 3800 "2" "2" "edge2"]
	Pin[-20000 0 6000 3000 6600 3800 "3" "3" "edge2"]
	Pin[-30000 0 6000 3000 6600 3800 "4" "4" "edge2"]
	Pin[-40000 0 6000 3000 6600 3800 "5" "5" "edge2"]
	Pin[-50000 0 6000 3000 6600 3800 "6" "6" "edge2"]
	Pin[-60000 0 6000 3000 6600 3800 "7" "7" "edge2,thermal(1X)"]
	Pin[-70000 0 6000 3000 6600 3800 "8" "8" "edge2"]
	Pin[-80000 0 6000 3000 6600 3800 "9" "9" "edge2"]
	ElementLine [-85000 -5000 5000 -5000 1000]
	ElementLine [-85000 -5000 -85000 5000 1000]
	ElementLine [-85000 5000 5000 5000 1000]
	ElementLine [5000 -5000 5000 5000 1000]
	ElementLine [-5000 -5000 -5000 5000 1000]
	ElementLine [-5000 5000 5000 5000 1000]

	)

Element["" "Jumper, i.e. single row headers" "JP2" "JUMPER6" 65000 282500 57500 -3500 0 100 ""]
(
	Pin[0 0 6000 3000 6600 3800 "1" "1" "square,edge2,thermal(1X)"]
	Pin[10000 0 6000 3000 6600 3800 "" "2" "edge2"]
	Pin[20000 0 6000 3000 6600 3800 "3" "3" "edge2"]
	Pin[30000 0 6000 3000 6600 3800 "4" "4" "edge2"]
	Pin[40000 0 6000 3000 6600 3800 "5" "5" "edge2"]
	Pin[50000 0 6000 3000 6600 3800 "6" "6" "edge2"]
	ElementLine [-5000 5000 55000 5000 1000]
	ElementLine [55000 -5000 55000 5000 1000]
	ElementLine [-5000 -5000 55000 -5000 1000]
	ElementLine [-5000 -5000 -5000 5000 1000]
	ElementLine [5000 -5000 5000 5000 1000]
	ElementLine [-5000 -5000 5000 -5000 1000]

	)

Element["" "Jumper, i.e. single row headers" "JP3" "JUMPER5" 18500 175000 -4000 6500 0 100 ""]
(
	Pin[0 0 6000 3000 6600 3800 "1" "1" "square,edge2"]
	Pin[10000 0 6000 3000 6600 3800 "2" "2" "edge2"]
	Pin[20000 0 6000 3000 6600 3800 "3" "3" "edge2"]
	Pin[30000 0 6000 3000 6600 3800 "4" "4" "edge2"]
	Pin[40000 0 6000 3000 6600 3800 "5" "5" "edge2"]
	ElementLine [-5000 5000 45000 5000 1000]
	ElementLine [45000 -5000 45000 5000 1000]
	ElementLine [-5000 -5000 45000 -5000 1000]
	ElementLine [-5000 -5000 -5000 5000 1000]
	ElementLine [5000 -5000 5000 5000 1000]
	ElementLine [-5000 -5000 5000 -5000 1000]

	)

Element["" "SMD Cap" "C6" "" 252500 179000 -35500 -5400 0 150 ""]
(
	Pin[0 0 8000 3000 11000 3500 "1" "1" "edge2,thermal(1X,5)"]
	Pin[-20000 0 8000 3000 11000 3500 "2" "2" "edge2,thermal(4)"]
	ElementLine [5000 5000 5000 -5000 1000]
	ElementLine [5000 -5000 -25000 -5000 1000]
	ElementLine [-25000 -5000 -25000 5000 1000]
	ElementLine [-25000 5000 5000 5000 1000]

	)

Element["" "SMD Cap" "C5" "" 217500 269500 -36000 -4900 0 150 ""]
(
	Pin[0 0 8000 3000 11000 3500 "1" "1" "edge2,thermal(1X,5)"]
	Pin[-20000 0 8000 3000 11000 3500 "2" "2" "edge2,thermal(4)"]
	ElementLine [5000 5000 5000 -5000 1000]
	ElementLine [5000 -5000 -25000 -5000 1000]
	ElementLine [-25000 -5000 -25000 5000 1000]
	ElementLine [-25000 5000 5000 5000 1000]

	)

Element["" "SMD Cap" "C7" "" 169500 192500 -24000 -13900 0 150 ""]
(
	Pin[0 0 8000 3000 11000 3500 "1" "1" "edge2,thermal(1X,5)"]
	Pin[-20000 0 8000 3000 11000 3500 "2" "2" "edge2,thermal(4)"]
	ElementLine [5000 5000 5000 -5000 1000]
	ElementLine [5000 -5000 -25000 -5000 1000]
	ElementLine [-25000 -5000 -25000 5000 1000]
	ElementLine [-25000 5000 5000 5000 1000]

	)

Element["" "SMD Cap" "C4" "" 137000 178000 -22000 -13400 0 150 ""]
(
	Pin[0 0 8000 3000 11000 3500 "1" "1" "edge2,thermal(1X,5)"]
	Pin[-20000 0 8000 3000 11000 3500 "2" "2" "edge2,thermal(4)"]
	ElementLine [5000 5000 5000 -5000 1000]
	ElementLine [5000 -5000 -25000 -5000 1000]
	ElementLine [-25000 -5000 -25000 5000 1000]
	ElementLine [-25000 5000 5000 5000 1000]

	)

Element["" "Jumper, i.e. single row headers" "JP1" "JUMPER1" 42500 25000 -2500 -21500 0 100 ""]
(
	Pin[0 0 10500 3000 11100 7800 "1" "1" "square"]
	ElementLine [-5000 -5000 -5000 5000 1000]
	ElementLine [-5000 5000 5000 5000 1000]
	ElementLine [5000 5000 5000 -5000 1000]
	ElementLine [5000 -5000 -5000 -5000 1000]
	ElementLine [-5000 5000 5000 5000 1000]
	ElementLine [5000 5000 5000 -5000 1000]

	)

Element["" "Jumper, i.e. single row headers" "" "JUMPER1" 62500 25000 -2500 -13500 0 100 ""]
(
	Pin[0 0 10500 3000 11100 7800 "1" "1" "square,thermal(1X)"]
	ElementLine [-5000 -5000 -5000 5000 1000]
	ElementLine [-5000 5000 5000 5000 1000]
	ElementLine [5000 5000 5000 -5000 1000]
	ElementLine [5000 -5000 -5000 -5000 1000]
	ElementLine [-5000 5000 5000 5000 1000]
	ElementLine [5000 5000 5000 -5000 1000]

	)

Element["" "SMD Cap" "C2" "" 115000 67500 -36000 -4900 0 150 ""]
(
	Pin[0 0 8000 3000 11000 3500 "1" "1" "edge2,thermal(1X,5)"]
	Pin[-20000 0 8000 3000 11000 3500 "2" "2" "edge2,thermal(4)"]
	ElementLine [5000 5000 5000 -5000 1000]
	ElementLine [5000 -5000 -25000 -5000 1000]
	ElementLine [-25000 -5000 -25000 5000 1000]
	ElementLine [-25000 5000 5000 5000 1000]

	)

Element["" "Jumper, i.e. single row headers" "JP4" "JUMPER3" 198000 16000 -4500 7000 0 100 ""]
(
	Pin[0 0 6000 3000 6600 3800 "1" "1" "square,edge2"]
	Pin[10000 0 6000 3000 6600 3800 "2" "2" "edge2"]
	Pin[20000 0 6000 3000 6600 3800 "3" "3" "edge2"]
	ElementLine [-5000 5000 25000 5000 1000]
	ElementLine [25000 -5000 25000 5000 1000]
	ElementLine [-5000 -5000 25000 -5000 1000]
	ElementLine [-5000 -5000 -5000 5000 1000]
	ElementLine [5000 -5000 5000 5000 1000]
	ElementLine [-5000 -5000 5000 -5000 1000]

	)

Element["selected" "Dual in-line package, wide (600 mil)" "IC4" "DIP32" 168500 205000 -162000 17500 1 100 "selected"]
(
	Pin[0 0 6000 3000 6600 2800 "1" "1" "selected,square,edge2"]
	Pin[-10000 0 6000 3000 6600 2800 "2" "2" "selected,edge2"]
	Pin[-20000 0 6000 3000 6600 2800 "3" "3" "selected,edge2,thermal(1X)"]
	Pin[-30000 0 6000 3000 6600 2800 "4" "4" "selected,edge2"]
	Pin[-40000 0 6000 3000 6600 2800 "5" "5" "selected,edge2"]
	Pin[-50000 0 6000 3000 6600 2800 "6" "6" "selected,edge2"]
	Pin[-60000 0 6000 3000 6600 2800 "7" "7" "selected,edge2,thermal(1X)"]
	Pin[-70000 0 6000 3000 6600 2800 "8" "8" "selected,edge2"]
	Pin[-80000 0 6000 3000 6600 2800 "9" "9" "selected,edge2"]
	Pin[-90000 0 6000 3000 6600 2800 "10" "10" "selected,edge2"]
	Pin[-100000 0 6000 3000 6600 2800 "11" "11" "selected,edge2"]
	Pin[-110000 0 6000 3000 6600 2800 "12" "12" "selected,edge2"]
	Pin[-120000 0 6000 3000 6600 2800 "13" "13" "selected,edge2"]
	Pin[-130000 0 6000 3000 6600 2800 "14" "14" "selected,edge2"]
	Pin[-140000 0 6000 3000 6600 2800 "15" "15" "selected,edge2"]
	Pin[-150000 0 6000 3000 6600 2800 "16" "16" "selected,edge2"]
	Pin[-150000 60000 6000 3000 6600 2800 "17" "17" "selected,edge2"]
	Pin[-140000 60000 6000 3000 6600 2800 "18" "18" "selected,edge2"]
	Pin[-130000 60000 6000 3000 6600 2800 "19" "19" "selected,edge2"]
	Pin[-120000 60000 6000 3000 6600 2800 "20" "20" "selected,edge2"]
	Pin[-110000 60000 6000 3000 6600 2800 "21" "21" "selected,edge2"]
	Pin[-100000 60000 6000 3000 6600 2800 "22" "22" "selected,edge2"]
	Pin[-90000 60000 6000 3000 6600 2800 "23" "23" "selected,edge2"]
	Pin[-80000 60000 6000 3000 6600 2800 "24" "24" "selected,edge2"]
	Pin[-70000 60000 6000 3000 6600 2800 "25" "25" "selected,edge2"]
	Pin[-60000 60000 6000 3000 6600 2800 "26" "26" "selected,edge2"]
	Pin[-50000 60000 6000 3000 6600 2800 "27" "27" "selected,edge2"]
	Pin[-40000 60000 6000 3000 6600 2800 "28" "28" "selected,edge2"]
	Pin[-30000 60000 6000 3000 6600 2800 "29" "29" "selected,edge2"]
	Pin[-20000 60000 6000 3000 6600 2800 "30" "30" "selected,edge2"]
	Pin[-10000 60000 6000 3000 6600 2800 "31" "31" "selected,edge2"]
	Pin[0 60000 6000 3000 6600 2800 "32" "32" "selected,edge2"]
	ElementLine [-155000 -5000 5000 -5000 1000]
	ElementLine [-155000 -5000 -155000 65000 1000]
	ElementLine [-155000 65000 5000 65000 1000]
	ElementLine [5000 -5000 5000 25000 1000]
	ElementLine [5000 35000 5000 65000 1000]
	ElementArc [5000 30000 5000 5000 270 180 1000]

	)
Layer(1 "top")
(
	Line[167000 83000 172500 77500 2500 2000 "clearline"]
	Line[172500 77500 172500 57500 2500 2000 "clearline"]
	Line[172500 57500 183500 46500 2500 2000 "clearline"]
	Line[274500 53000 275000 52500 1000 2000 "clearline"]
	Line[260000 53000 274500 53000 2500 2000 "clearline"]
	Line[47500 60000 47500 65000 5000 5000 "clearline"]
	Line[47500 65000 43500 69000 5000 5000 "clearline"]
	Line[43500 69000 31500 69000 5000 5000 "clearline"]
	Line[31500 69000 19000 81500 5000 5000 "clearline"]
	Line[49000 81500 54000 81500 5000 5000 "clearline"]
	Line[54000 81500 66500 69000 5000 5000 "clearline"]
	Line[66500 69000 66500 56000 5000 5000 "clearline"]
	Line[66500 56000 67500 55000 5000 5000 "clearline"]
	Line[67500 55000 67500 52000 5000 5000 "clearline"]
	Line[67500 52000 72000 47500 5000 5000 "clearline"]
	Line[158000 83000 167000 83000 2500 2000 "clearline"]
	Line[275000 62500 260000 62500 1500 3000 "clearline"]
	Line[260000 62500 216500 106000 1500 3000 "clearline"]
	Line[216500 106000 86000 106000 1500 3000 "clearline"]
	Line[86000 106000 79000 99000 1500 3000 "clearline"]
	Line[275000 72500 258000 72500 1500 3000 "clearline"]
	Line[258000 72500 218000 112500 1500 3000 "clearline"]
	Line[218000 112500 82500 112500 1500 3000 "clearline"]
	Line[82500 112500 69000 99000 1500 3000 "clearline"]
	Line[275000 82500 257500 82500 1500 3000 "clearline"]
	Line[257500 82500 222000 118000 1500 3000 "clearline"]
	Line[222000 118000 78000 118000 1500 3000 "clearline"]
	Line[78000 118000 59000 99000 1500 3000 "clearline"]
	Line[275000 92500 255500 92500 1500 3000 "clearline"]
	Line[255500 92500 224500 123500 1500 3000 "clearline"]
	Line[224500 123500 73500 123500 1500 3000 "clearline"]
	Line[73500 123500 49000 99000 1500 3000 "clearline"]
	Line[275000 142500 260500 128000 1500 3000 "clearline"]
	Line[260500 128000 68000 128000 1500 3000 "clearline"]
	Line[68000 128000 39000 99000 1500 3000 "clearline"]
	Line[275000 152500 255500 133000 1500 3000 "clearline"]
	Line[255500 133000 63000 133000 1500 3000 "clearline"]
	Line[63000 133000 29000 99000 1500 3000 "clearline"]
	Line[275000 162500 251000 138500 1500 3000 "clearline"]
	Line[251000 138500 58500 138500 1500 3000 "clearline"]
	Line[58500 138500 19000 99000 1500 3000 "clearline"]
	Line[59000 159000 59000 174500 1500 3000 "clearline"]
	Line[59000 174500 58500 175000 1500 3000 "clearline"]
	Line[49000 159000 49000 174500 1500 3000 "clearline"]
	Line[49000 174500 48500 175000 1500 3000 "clearline"]
	Line[39000 159000 39000 174500 1500 3000 "clearline"]
	Line[39000 174500 38500 175000 1500 3000 "clearline"]
	Line[29000 159000 29000 174500 1500 3000 "clearline"]
	Line[29000 174500 28500 175000 1500 3000 "clearline"]
	Line[19000 159000 19000 174500 1500 3000 "clearline"]
	Line[19000 174500 18500 175000 1500 3000 "clearline"]
	Line[88500 205000 88500 201500 1500 3000 "clearline"]
	Line[88500 201500 100000 190000 1500 3000 "clearline"]
	Line[100000 190000 116000 190000 1500 3000 "clearline"]
	Line[116000 190000 136500 169500 1500 3000 "clearline"]
	Line[136500 169500 158500 169500 1500 3000 "clearline"]
	Line[158500 169500 169000 159000 1500 3000 "clearline"]
	Line[98500 205000 98500 200500 1500 3000 "clearline"]
	Line[98500 200500 102500 196500 1500 3000 "clearline"]
	Line[102500 196500 131000 196500 1500 3000 "clearline"]
	Line[131000 196500 150500 177000 1500 3000 "clearline"]
	Line[150500 177000 161000 177000 1500 3000 "clearline"]
	Line[161000 177000 179000 159000 1500 3000 "clearline"]
	Line[85000 282500 85000 270000 1500 3000 "clearline"]
	Line[85000 270000 83500 268500 1500 3000 "clearline"]
	Line[83500 268500 83500 189000 1500 3000 "clearline"]
	Line[83500 189000 104000 168500 1500 3000 "clearline"]
	Line[104000 168500 104000 151000 1500 3000 "clearline"]
	Line[104000 151000 101000 148000 1500 3000 "clearline"]
	Line[101000 148000 80000 148000 1500 3000 "clearline"]
	Line[80000 148000 69000 159000 1500 3000 "clearline"]
	Line[75000 282500 75000 276500 1500 3000 "clearline"]
	Line[75000 276500 73500 275000 1500 3000 "clearline"]
	Line[73500 275000 73500 192500 1500 3000 "clearline"]
	Line[99000 167000 99000 159000 1500 3000 "clearline"]
	Line[95000 282500 95000 283500 1500 3000 "clearline"]
	Line[95000 283500 86500 292000 1500 3000 "clearline"]
	Line[86500 292000 59000 292000 1500 3000 "clearline"]
	Line[59000 292000 53500 286500 1500 3000 "clearline"]
	Line[53500 286500 53500 201000 1500 3000 "clearline"]
	Line[67500 175500 74000 169000 1500 3000 "clearline"]
	Line[74000 169000 79000 169000 1500 3000 "clearline"]
	Line[79000 169000 89000 159000 1500 3000 "clearline"]
	Line[115000 282500 115000 289000 1500 3000 "clearline"]
	Line[115000 289000 108500 295500 1500 3000 "clearline"]
	Line[108500 295500 57000 295500 1500 3000 "clearline"]
	Line[57000 295500 43500 282000 1500 3000 "clearline"]
	Line[43500 282000 43500 200500 1500 3000 "clearline"]
	Line[43500 200500 59500 184500 1500 3000 "clearline"]
	Line[59500 184500 63000 184500 1500 3000 "clearline"]
	Line[63000 184500 64000 183500 1500 3000 "clearline"]
	Line[64000 183500 64000 174000 1500 3000 "clearline"]
	Line[64000 174000 79000 159000 1500 3000 "clearline"]
	Line[17500 32500 17500 60000 5000 5000 "clearline"]
	Line[25000 25000 17500 32500 5000 5000 "clearline"]
	Line[42500 25000 25000 25000 5000 5000 "clearline"]
	Line[72000 47500 84500 47500 5000 5000 "clearline"]
	Line[84500 47500 95000 58000 5000 5000 "clearline"]
	Line[95000 77500 95000 58000 5000 5000 "clearline"]
	Line[135750 85250 138000 83000 5000 5000 "clearline"]
	Line[95000 77500 102500 85000 5000 5000 "clearline"]
	Line[102750 85250 135750 85250 5000 5000 "clearline"]
	Line[53500 201500 53500 200000 1500 3000 "clearline"]
	Line[53500 200000 67500 186000 1500 3000 "clearline"]
	Line[67500 175500 67500 186000 1500 3000 "clearline"]
	Line[149000 159000 149000 155000 1500 3000 "clearline"]
	Line[149000 155000 154500 149500 1500 3000 "clearline"]
	Line[154500 149500 189000 149500 1500 3000 "clearline"]
	Line[189000 149500 194000 154500 1500 3000 "clearline"]
	Line[194000 154500 194000 190000 1500 3000 "clearline"]
	Line[210000 275000 220000 285000 1500 3000 "clearline"]
	Line[240500 155500 240500 166000 1500 3000 "clearline"]
	Line[240500 166000 247000 172500 1500 3000 "clearline"]
	Line[247000 172500 275000 172500 1500 3000 "clearline"]
	Line[83500 47500 96000 35000 5000 5000 "clearline"]
	Line[198000 16000 184000 16000 2500 2000 "clearline"]
	Line[184000 16000 183500 16500 2500 2000 "clearline"]
	Line[138500 215000 142500 219000 2500 2000 "clearline"]
	Line[291000 219000 291000 36000 2500 2000 "clearline"]
	Line[291000 36000 282500 27500 2500 2000 "clearline"]
	Line[282500 27500 229500 27500 2500 2000 "clearline"]
	Line[229500 27500 218000 16000 2500 2000 "clearline"]
	Line[283500 267500 274250 276750 2500 2000 "clearline"]
	Line[283500 206500 283500 267500 2500 2000 "clearline"]
	Line[283500 207000 278000 212500 2500 2000 "clearline"]
	Line[283500 36500 283500 207000 2500 2000 "clearline"]
	Line[283500 174000 275000 182500 2500 2000 "clearline"]
	Line[279500 32500 283500 36500 2500 2000 "clearline"]
	Line[267000 32500 279500 32500 2500 2000 "clearline"]
	Line[261500 38000 267000 32500 2500 2000 "clearline"]
	Line[230000 38000 261500 38000 2500 2000 "clearline"]
	Line[208500 16500 230000 38000 2500 2000 "clearline"]
	Line[208000 16500 208500 16500 2500 2000 "clearline"]
	Line[208000 55000 189500 73500 2500 2000 "clearline"]
	Line[208000 16000 208000 55000 2500 2000 "clearline"]
	Line[230500 177000 232500 179000 1500 3000 "clearline"]
	Line[230500 155500 230500 177000 1500 3000 "clearline"]
	Line[117000 178000 109000 170000 2500 2000 "clearline"]
	Line[230000 156000 230500 155500 1000 2000 "clearline"]
	Line[213000 90000 219000 96000 2500 2000 "clearline"]
	Line[201000 90000 213000 90000 2500 2000 "clearline"]
	Line[189000 78000 201000 90000 2500 2000 "clearline"]
	Line[189000 73500 189000 78000 2500 2000 "clearline"]
	Line[219000 144000 219000 146500 2500 2000 "clearline"]
	Line[125500 92500 119000 99000 2500 2000 "clearline"]
	Line[169500 92500 125500 92500 2500 2000 "clearline"]
	Line[188500 73500 169500 92500 2500 2000 "clearline"]
	Line[189000 73500 188500 73500 2500 2000 "clearline"]
	Line[124500 144000 124250 144250 2500 2000 "clearline"]
	Line[196500 144000 124500 144000 2500 2000 "clearline"]
	Line[202000 149500 196500 144000 2500 2000 "clearline"]
	Line[216000 149500 202000 149500 2500 2000 "clearline"]
	Line[219000 146500 216000 149500 2500 2000 "clearline"]
	Line[124500 144000 109000 159500 2500 2000 "clearline"]
	Line[230000 43000 230000 43500 2500 2000 "clearline"]
	Line[190000 277500 197500 270000 2500 2000 "clearline"]
	Line[190000 285000 190000 277500 2500 2000 "clearline"]
	Line[232500 202000 232250 202250 2500 2000 "clearline"]
	Line[232500 179000 232500 202000 2500 2000 "clearline"]
	Line[190000 285000 190000 284500 2500 2000 "clearline"]
	Line[199500 295500 190000 286000 2500 2000 "clearline"]
	Line[268000 295500 199500 295500 2500 2000 "clearline"]
	Line[274000 289500 268000 295500 2500 2000 "clearline"]
	Line[274000 277000 274000 289500 2500 2000 "clearline"]
	Line[109000 174000 103500 179500 2500 2000 "clearline"]
	Line[109000 168000 109000 174000 2500 2000 "clearline"]
	Line[109000 159000 109000 170000 2500 2000 "clearline"]
	Line[230000 37500 230000 53000 2500 2000 "clearline"]
	Line[242500 212500 232500 202500 2500 2000 "clearline"]
	Line[277500 212500 242500 212500 2500 2000 "clearline"]
	Line[138500 215000 138500 203500 2500 2000 "clearline"]
	Line[138500 203500 149500 192500 2500 2000 "clearline"]
	Line[142500 219000 205500 219000 2500 2000 "clearline"]
	Line[194000 190000 215500 211500 1500 3000 "clearline"]
	Line[215500 211500 215500 258000 1500 3000 "clearline"]
	Line[215500 258000 210000 263500 1500 3000 "clearline"]
	Line[210000 263500 210000 275000 1500 3000 "clearline"]
	Line[73500 193000 73500 179500 1500 3000 "clearline"]
	Line[73500 179500 77500 175500 1500 3000 "clearline"]
	Line[77500 175500 90500 175500 1500 3000 "clearline"]
	Line[90500 175500 99000 167000 1500 3000 "clearline"]
)
Layer(2 "bottom")
(
	Line[219000 96500 219000 144000 2500 2000 "clearline"]
	Line[205500 219000 291000 219000 2500 2000 "clearline"]
	Polygon("clearpoly")
	(
		[0 0] [300000 0] [300000 300000] [0 300000] 
	)
)
Layer(3 "outline")
(
)
Layer(4 "silk")
(
)
Layer(5 "silk")
(
	Line[73500 10000 32500 10000 2500 2000 "clearline"]
	Line[53000 10000 53000 42500 1000 2000 "clearline"]
	Line[32500 42500 73500 42500 2500 2000 "clearline"]
	Line[32500 10000 32500 42500 2500 2000 "clearline"]
	Line[73500 42500 73500 10000 2500 2000 "clearline"]
	Text[82500 272500 0 100 "AVRISP" "clearline"]
	Text[36000 44000 0 100 "+12V" "clearline"]
	Text[55000 1500 0 130 "IN" "clearline"]
	Text[120000 22500 0 200 "-" "clearline"]
	Text[176500 60000 0 200 "+" "clearline"]
	Text[213500 60500 0 200 "-" "clearline"]
	Text[58000 44000 0 100 "GND" "clearline"]
	Text[84000 22500 0 200 "+" "clearline"]
	Text[263595 246751 0 170 "KNolan" "clearline"]
	Text[215500 3000 0 100 "Update" "clearline"]
	Text[189000 3500 0 100 "Car" "clearline"]
	Text[184540 226115 0 110 "\"No More Blind Dates With Local Radio\"" "clearline"]
	Text[202169 208923 0 215 "fmHarmony" "clearline"]
	Text[270620 205482 0 125 "Mk1" "clearline"]
	Text[262282 258377 0 170 "MMarki" "clearline"]
)
